2241,2241
1459,1459
468,468
3271,3271
1580,1580
535,535
680,680
802,802
2186,2186
2002,2002
2752,2752
2793,2793
2213,2213
69,69
3015,3015
2908,2908
2254,2254
436,436
2232,2232
1105,1105
1747,1747
208,208
1064,1064
565,565
313,313
601,601
233,233
1867,1867
2692,2692
2706,2706
937,937
111,111
1406,1406
2154,2154
761,761
949,949
1807,1807
472,472
2530,2530
1793,1793
1501,1501
3011,3011
867,867
2149,2149
3026,3026
1840,1840
1457,1457
655,655
2788,2788
361,361
135,135
1517,1517
2404,2404
1533,1533
2574,2574
366,366
3025,3025
29,29
3227,3227
22,22
2003,2003
3316,3316
1475,1475
3308,3308
695,695
3030,3030
700,700
420,420
682,682
1709,1709
460,460
43,43
87,87
2064,2064
907,907
1576,1576
561,561
282,282
2130,2130
817,817
1835,1835
3150,3150
2032,2032
533,533
2601,2601
2714,2714
1114,1114
1967,1967
2610,2610
2646,2646
1272,1272
2344,2344
1018,1018
3272,3272
1041,1041
2724,2724
1235,1235
637,637
945,945
1426,1426
1436,1436
2469,2469
3315,3315
1242,1242
3091,3091
2637,2637
221,221
543,543
1491,1491
2376,2376
685,685
1601,1601
1192,1192
2473,2473
1744,1744
1721,1721
2929,2929
3276,3276
1666,1666
1255,1255
2403,2403
1993,1993
272,272
1684,1684
521,521
522,522
1871,1871
1545,1545
1381,1381
350,350
1127,1127
932,932
1295,1295
2037,2037
2422,2422
2955,2955
651,651
2765,2765
2833,2833
1011,1011
2868,2868
3078,3078
1034,1034
3135,3135
1188,1188
1345,1345
168,168
2771,2771
2988,2988
1356,1356
803,803
1786,1786
2216,2216
3234,3234
1732,1732
3021,3021
1862,1862
2411,2411
2476,2476
219,219
367,367
2424,2424
549,549
2671,2671
2370,2370
1616,1616
351,351
1211,1211
772,772
1897,1897
2117,2117
490,490
2975,2975
2624,2624
498,498
2012,2012
210,210
1055,1055
905,905
650,650
227,227
365,365
1877,1877
1655,1655
276,276
2208,2208
2895,2895
2841,2841
1220,1220
1397,1397
407,407
2542,2542
1748,1748
2585,2585
1022,1022
1525,1525
2661,2661
2229,2229
844,844
7,7
2015,2015
3109,3109
1073,1073
415,415
1171,1171
1123,1123
3137,3137
1727,1727
3094,3094
1674,1674
199,199
1766,1766
1146,1146
801,801
1949,1949
1232,1232
283,283
3133,3133
231,231
942,942
1552,1552
1190,1190
96,96
2834,2834
2843,2843
1714,1714
3158,3158
3246,3246
1135,1135
3167,3167
2862,2862
2413,2413
1702,1702
104,104
2472,2472
1286,1286
903,903
2320,2320
2627,2627
1798,1798
435,435
2715,2715
744,744
226,226
1236,1236
2952,2952
1161,1161
2781,2781
3279,3279
1952,1952
1133,1133
1815,1815
1431,1431
1258,1258
2755,2755
964,964
2611,2611
1102,1102
2212,2212
1613,1613
2891,2891
3228,3228
464,464
2332,2332
2991,2991
2677,2677
3238,3238
1350,1350
2318,2318
1960,1960
2648,2648
212,212
12,12
3214,3214
900,900
422,422
887,887
2177,2177
2140,2140
2339,2339
2367,2367
2046,2046
741,741
2922,2922
2584,2584
1703,1703
965,965
1588,1588
2420,2420
509,509
644,644
597,597
2856,2856
3120,3120
1425,1425
1362,1362
2968,2968
518,518
3165,3165
767,767
573,573
3241,3241
3016,3016
1360,1360
2704,2704
1006,1006
1509,1509
3053,3053
123,123
1451,1451
1089,1089
220,220
819,819
3219,3219
358,358
100,100
2923,2923
551,551
2223,2223
1883,1883
259,259
3069,3069
2540,2540
2905,2905
2647,2647
3211,3211
3313,3313
1222,1222
2662,2662
3118,3118
2608,2608
1091,1091
3007,3007
2439,2439
2576,2576
2858,2858
456,456
462,462
2466,2466
926,926
1048,1048
1850,1850
1566,1566
381,381
3097,3097
1310,1310
2392,2392
929,929
1017,1017
2866,2866
1010,1010
2620,2620
3146,3146
662,662
59,59
1052,1052
3010,3010
1814,1814
3319,3319
3184,3184
3260,3260
2535,2535
3136,3136
845,845
542,542
2138,2138
2461,2461
3128,3128
1225,1225
1537,1537
2470,2470
2069,2069
3265,3265
2430,2430
2412,2412
3048,3048
237,237
1047,1047
1237,1237
2515,2515
2276,2276
163,163
1283,1283
252,252
1233,1233
1927,1927
930,930
1411,1411
1181,1181
1447,1447
1234,1234
1138,1138
1880,1880
2691,2691
2654,2654
1999,1999
677,677
41,41
1132,1132
2297,2297
1352,1352
243,243
2293,2293
2291,2291
1090,1090
261,261
1110,1110
834,834
2567,2567
1159,1159
1756,1756
2346,2346
340,340
2526,2526
748,748
2953,2953
480,480
1253,1253
1667,1667
1402,1402
783,783
2850,2850
2181,2181
2670,2670
1498,1498
2272,2272
2289,2289
2194,2194
2887,2887
2538,2538
2636,2636
626,626
347,347
3220,3220
2966,2966
979,979
3023,3023
1873,1873
911,911
2078,2078
632,632
1427,1427
445,445
617,617
1511,1511
1320,1320
2451,2451
1398,1398
2825,2825
1947,1947
1546,1546
353,353
613,613
2447,2447
1859,1859
2653,2653
57,57
2871,2871
1497,1497
3299,3299
2776,2776
2086,2086
1844,1844
3057,3057
2426,2426
1455,1455
3230,3230
560,560
707,707
1149,1149
424,424
1093,1093
647,647
72,72
3213,3213
1313,1313
2347,2347
1005,1005
620,620
2589,2589
553,553
1289,1289
2949,2949
1729,1729
998,998
2650,2650
3040,3040
3038,3038
3303,3303
1825,1825
440,440
508,508
1100,1100
589,589
1370,1370
649,649
1829,1829
2969,2969
1461,1461
2179,2179
3262,3262
630,630
1554,1554
1210,1210
482,482
1488,1488
2837,2837
1723,1723
2314,2314
2541,2541
1913,1913
856,856
1620,1620
530,530
2225,2225
49,49
858,858
1718,1718
1072,1072
719,719
1454,1454
1586,1586
2494,2494
1606,1606
1813,1813
2360,2360
3275,3275
2475,2475
1592,1592
2285,2285
1535,1535
1228,1228
3114,3114
2374,2374
1195,1195
1412,1412
2910,2910
1832,1832
297,297
1472,1472
1720,1720
958,958
1465,1465
1494,1494
2579,2579
2666,2666
349,349
2004,2004
643,643
1736,1736
1423,1423
669,669
1536,1536
2725,2725
1271,1271
1179,1179
2073,2073
1288,1288
2629,2629
2958,2958
2745,2745
786,786
2981,2981
140,140
788,788
2534,2534
2252,2252
714,714
1628,1628
3240,3240
1812,1812
3050,3050
1779,1779
1399,1399
618,618
406,406
3117,3117
1419,1419
2458,2458
3127,3127
1973,1973
497,497
342,342
2431,2431
2514,2514
782,782
1811,1811
303,303
2717,2717
2383,2383
664,664
1177,1177
1244,1244
2009,2009
1948,1948
2827,2827
1809,1809
84,84
2914,2914
941,941
961,961
841,841
1653,1653
2632,2632
1432,1432
1569,1569
290,290
2124,2124
1376,1376
604,604
2260,2260
916,916
1538,1538
2019,2019
1099,1099
1088,1088
2329,2329
3047,3047
821,821
3181,3181
1000,1000
3049,3049
18,18
493,493
1125,1125
1499,1499
3096,3096
1987,1987
1626,1626
1907,1907
3072,3072
2005,2005
1839,1839
1357,1357
2238,2238
1689,1689
1009,1009
2674,2674
360,360
2830,2830
2132,2132
1490,1490
1364,1364
1738,1738
1940,1940
344,344
986,986
2126,2126
743,743
1641,1641
2510,2510
113,113
1338,1338
1241,1241
1142,1142
2282,2282
1216,1216
1198,1198
85,85
2288,2288
668,668
1014,1014
128,128
2628,2628
1422,1422
891,891
3253,3253
307,307
383,383
150,150
1317,1317
3126,3126
2174,2174
426,426
494,494
1207,1207
1731,1731
1941,1941
1208,1208
2709,2709
2689,2689
2438,2438
1373,1373
1239,1239
1551,1551
1608,1608
275,275
489,489
3008,3008
1229,1229
690,690
2490,2490
1962,1962
1964,1964
3314,3314
2446,2446
2364,2364
1058,1058
118,118
1024,1024
2287,2287
281,281
3200,3200
1316,1316
2586,2586
968,968
1424,1424
2390,2390
1808,1808
2553,2553
155,155
304,304
3194,3194
3261,3261
2307,2307
1872,1872
2483,2483
1307,1307
1697,1697
575,575
2172,2172
2846,2846
2903,2903
1299,1299
2560,2560
2739,2739
2667,2667
1992,1992
843,843
1558,1558
269,269
629,629
1033,1033
286,286
1326,1326
2453,2453
300,300
1681,1681
2359,2359
2057,2057
2409,2409
65,65
2462,2462
890,890
1847,1847
2884,2884
2093,2093
1662,1662
230,230
503,503
2581,2581
2642,2642
2202,2202
2067,2067
1004,1004
836,836
1912,1912
374,374
1632,1632
2342,2342
2459,2459
939,939
1321,1321
2298,2298
751,751
99,99
3195,3195
866,866
910,910
1642,1642
529,529
1260,1260
2030,2030
636,636
1269,1269
185,185
2113,2113
1474,1474
1740,1740
931,931
1441,1441
1713,1713
2950,2950
1730,1730
2655,2655
1273,1273
2295,2295
607,607
2357,2357
151,151
1593,1593
2377,2377
1647,1647
2129,2129
731,731
1665,1665
1979,1979
3020,3020
23,23
2792,2792
158,158
861,861
2175,2175
902,902
2246,2246
1230,1230
2501,2501
444,444
3251,3251
754,754
923,923
3288,3288
2334,2334
311,311
1375,1375
548,548
2215,2215
2011,2011
306,306
287,287
694,694
308,308
2570,2570
2112,2112
749,749
1780,1780
2810,2810
1876,1876
1572,1572
908,908
86,86
2634,2634
3037,3037
2759,2759
970,970
13,13
873,873
808,808
2852,2852
514,514
2668,2668
409,409
3086,3086
1337,1337
1413,1413
2507,2507
1623,1623
2696,2696
2686,2686
1760,1760
382,382
1950,1950
2794,2794
3031,3031
1652,1652
3286,3286
2166,2166
2927,2927
1393,1393
552,552
3210,3210
222,222
1924,1924
1096,1096
2912,2912
8,8
1830,1830
316,316
1328,1328
427,427
1659,1659
105,105
1767,1767
142,142
121,121
3144,3144
3169,3169
1189,1189
2315,2315
2877,2877
2644,2644
115,115
1742,1742
2338,2338
2378,2378
3098,3098
3263,3263
1977,1977
2784,2784
672,672
1777,1777
2042,2042
1878,1878
591,591
1820,1820
1737,1737
888,888
2107,2107
3273,3273
2164,2164
213,213
778,778
2387,2387
1448,1448
2053,2053
800,800
2832,2832
3196,3196
2131,2131
1567,1567
2531,2531
2947,2947
1518,1518
1874,1874
3001,3001
1343,1343
273,273
71,71
720,720
1087,1087
394,394
583,583
1891,1891
2234,2234
2240,2240
500,500
3250,3250
2465,2465
3297,3297
3033,3033
2749,2749
1259,1259
2417,2417
2097,2097
205,205
733,733
1886,1886
526,526
2934,2934
3088,3088
898,898
377,377
1559,1559
2090,2090
2967,2967
1791,1791
386,386
198,198
3247,3247
1050,1050
590,590
519,519
2242,2242
2262,2262
429,429
1083,1083
2679,2679
2769,2769
207,207
491,491
1660,1660
1743,1743
3223,3223
792,792
2758,2758
1186,1186
1185,1185
1971,1971
2322,2322
1671,1671
2474,2474
1530,1530
1410,1410
1476,1476
83,83
2623,2623
2468,2468
20,20
1710,1710
1627,1627
1894,1894
2290,2290
1405,1405
2211,2211
1562,1562
3309,3309
2980,2980
2210,2210
973,973
3090,3090
883,883
1098,1098
156,156
2957,2957
886,886
3318,3318
1972,1972
1512,1512
2742,2742
2694,2694
2805,2805
2148,2148
2600,2600
1453,1453
1505,1505
2024,2024
2933,2933
458,458
2185,2185
78,78
3225,3225
2802,2802
1056,1056
906,906
2144,2144
2456,2456
2983,2983
380,380
947,947
2110,2110
2228,2228
715,715
2218,2218
686,686
2839,2839
1293,1293
305,305
209,209
2916,2916
2463,2463
3293,3293
1909,1909
885,885
2018,2018
917,917
2882,2882
2118,2118
191,191
2102,2102
2258,2258
1265,1265
483,483
915,915
2876,2876
277,277
988,988
1803,1803
1245,1245
2010,2010
571,571
1435,1435
993,993
1739,1739
1885,1885
585,585
3254,3254
1951,1951
3312,3312
1349,1349
1007,1007
674,674
2071,2071
855,855
447,447
2421,2421
865,865
3111,3111
2506,2506
2960,2960
2639,2639
2083,2083
1763,1763
2956,2956
2753,2753
1247,1247
294,294
1547,1547
588,588
1741,1741
1281,1281
1765,1765
2147,2147
2561,2561
1915,1915
2415,2415
1770,1770
2500,2500
1417,1417
425,425
534,534
1054,1054
3066,3066
2770,2770
1769,1769
132,132
6,6
2946,2946
421,421
1690,1690
2943,2943
2259,2259
1953,1953
1716,1716
1368,1368
556,556
2751,2751
1842,1842
2998,2998
2964,2964
1882,1882
570,570
352,352
91,91
2354,2354
2804,2804
1170,1170
1846,1846
1285,1285
2719,2719
2099,2099
2930,2930
1795,1795
1591,1591
1831,1831
697,697
2772,2772
348,348
1936,1936
2597,2597
2688,2688
2405,2405
1137,1137
2127,2127
1800,1800
3138,3138
3122,3122
1711,1711
1339,1339
2754,2754
453,453
913,913
2236,2236
1199,1199
1274,1274
2167,2167
37,37
974,974
3068,3068
983,983
1249,1249
2230,2230
1418,1418
1284,1284
2033,2033
39,39
1486,1486
2123,2123
169,169
1355,1355
737,737
1925,1925
2987,2987
1672,1672
1564,1564
2189,2189
634,634
2932,2932
3019,3019
1640,1640
1290,1290
2588,2588
1380,1380
579,579
328,328
2031,2031
892,892
1143,1143
780,780
2348,2348
159,159
2990,2990
2045,2045
2575,2575
61,61
849,849
2419,2419
3201,3201
1991,1991
1596,1596
1776,1776
1043,1043
2761,2761
1544,1544
2209,2209
2155,2155
1070,1070
53,53
3198,3198
2700,2700
1797,1797
258,258
505,505
752,752
2762,2762
217,217
824,824
2503,2503
3317,3317
2822,2822
1389,1389
2768,2768
1266,1266
2728,2728
2080,2080
1598,1598
2271,2271
1607,1607
2028,2028
771,771
3188,3188
3054,3054
1176,1176
2971,2971
1868,1868
1085,1085
2270,2270
1904,1904
1325,1325
2351,2351
3249,3249
806,806
2299,2299
1403,1403
2279,2279
2063,2063
2907,2907
2779,2779
1163,1163
963,963
3212,3212
816,816
398,398
584,584
948,948
704,704
431,431
1688,1688
292,292
145,145
323,323
2865,2865
2340,2340
1165,1165
1452,1452
2,2
1712,1712
576,576
2550,2550
339,339
1382,1382
1965,1965
925,925
265,265
376,376
2596,2596
1771,1771
1463,1463
271,271
696,696
3291,3291
244,244
3115,3115
476,476
2826,2826
2087,2087
813,813
2059,2059
1914,1914
3267,3267
2808,2808
3084,3084
3268,3268
1164,1164
1804,1804
2407,2407
250,250
413,413
545,545
1193,1193
738,738
310,310
2517,2517
893,893
1131,1131
1449,1449
3218,3218
15,15
2356,2356
721,721
1420,1420
2915,2915
981,981
2335,2335
1539,1539
2801,2801
1911,1911
1550,1550
2678,2678
363,363
982,982
182,182
985,985
2244,2244
1194,1194
2115,2115
2084,2084
1121,1121
2486,2486
187,187
619,619
2349,2349
1175,1175
1182,1182
2638,2638
2441,2441
614,614
1513,1513
1466,1466
401,401
994,994
934,934
371,371
3006,3006
2402,2402
593,593
2195,2195
726,726
826,826
1521,1521
2257,2257
687,687
2457,2457
136,136
2708,2708
628,628
334,334
1805,1805
390,390
2906,2906
1109,1109
2941,2941
1817,1817
2358,2358
2986,2986
710,710
1039,1039
2525,2525
2163,2163
2872,2872
1561,1561
2281,2281
3052,3052
1945,1945
1594,1594
3151,3151
2789,2789
1112,1112
465,465
1560,1560
1223,1223
2221,2221
3284,3284
2599,2599
1508,1508
1750,1750
1104,1104
660,660
2014,2014
2973,2973
338,338
215,215
1615,1615
1341,1341
2783,2783
3106,3106
2153,2153
2066,2066
2249,2249
101,101
2697,2697
171,171
107,107
2333,2333
3305,3305
2443,2443
2595,2595
2536,2536
2522,2522
2498,2498
2591,2591
2849,2849
1040,1040
1524,1524
2835,2835
481,481
2365,2365
2460,2460
1762,1762
2712,2712
2813,2813
2942,2942
405,405
757,757
2176,2176
97,97
1333,1333
2643,2643
3067,3067
2684,2684
2058,2058
2337,2337
148,148
28,28
2274,2274
3036,3036
692,692
1386,1386
1845,1845
3051,3051
1599,1599
701,701
1708,1708
454,454
2040,2040
2414,2414
609,609
167,167
730,730
2663,2663
2972,2972
3071,3071
1622,1622
587,587
1401,1401
1700,1700
2425,2425
2622,2622
1379,1379
2089,2089
2398,2398
2372,2372
2699,2699
441,441
2051,2051
1301,1301
3063,3063
1304,1304
236,236
520,520
735,735
2938,2938
2106,2106
592,592
1303,1303
1387,1387
2375,2375
2471,2471
3089,3089
904,904
2816,2816
1279,1279
2656,2656
3183,3183
2641,2641
2727,2727
2711,2711
706,706
2924,2924
745,745
1939,1939
2183,2183
513,513
81,81
1308,1308
2760,2760
914,914
3056,3056
774,774
329,329
2054,2054
2001,2001
943,943
822,822
909,909
181,181
164,164
1523,1523
451,451
1311,1311
1111,1111
2757,2757
1287,1287
327,327
1790,1790
2940,2940
2007,2007
1858,1858
312,312
832,832
1201,1201
2564,2564
3193,3193
2134,2134
2573,2573
1481,1481
777,777
799,799
54,54
1920,1920
2861,2861
3302,3302
1701,1701
2161,2161
3108,3108
987,987
2389,2389
1394,1394
768,768
2937,2937
285,285
2921,2921
428,428
2079,2079
722,722
951,951
989,989
3093,3093
2250,2250
326,326
1383,1383
1724,1724
1086,1086
341,341
147,147
2590,2590
1107,1107
848,848
966,966
2726,2726
2203,2203
661,661
1002,1002
2592,2592
2785,2785
3163,3163
1879,1879
3187,3187
1203,1203
1990,1990
24,24
3217,3217
2247,2247
2304,2304
2619,2619
875,875
2982,2982
938,938
3179,3179
3289,3289
385,385
2543,2543
2778,2778
2437,2437
2316,2316
936,936
2855,2855
3236,3236
1332,1332
1934,1934
935,935
566,566
1854,1854
2683,2683
1645,1645
2350,2350
1792,1792
1430,1430
2571,2571
1013,1013
1928,1928
2495,2495
126,126
2321,2321
1347,1347
355,355
827,827
1639,1639
984,984
2188,2188
362,362
345,345
2283,2283
3307,3307
711,711
2481,2481
10,10
2672,2672
2116,2116
1834,1834
793,793
3061,3061
94,94
129,129
2484,2484
3215,3215
2263,2263
1900,1900
2428,2428
2649,2649
1932,1932
2381,2381
1865,1865
1658,1658
516,516
1857,1857
2243,2243
1277,1277
950,950
1120,1120
2204,2204
419,419
922,922
2440,2440
477,477
2035,2035
2416,2416
1692,1692
3185,3185
1471,1471
1202,1202
1669,1669
3074,3074
1970,1970
2151,2151
820,820
1997,1997
3172,3172
1248,1248
2436,2436
3259,3259
2190,2190
2892,2892
1046,1046
1888,1888
615,615
1318,1318
3191,3191
2136,2136
2721,2721
1772,1772
3266,3266
131,131
77,77
2052,2052
724,724
1314,1314
1851,1851
3233,3233
2545,2545
2750,2750
1372,1372
1855,1855
1319,1319
3178,3178
2408,2408
375,375
1908,1908
333,333
2499,2499
2551,2551
1604,1604
1118,1118
3130,3130
1943,1943
2509,2509
3160,3160
1342,1342
320,320
1619,1619
2713,2713
2060,2060
2219,2219
1673,1673
1942,1942
260,260
2605,2605
2039,2039
689,689
901,901
2306,2306
2026,2026
138,138
1917,1917
1828,1828
1573,1573
319,319
653,653
2137,2137
3148,3148
558,558
2187,2187
112,112
531,531
224,224
723,723
2685,2685
2844,2844
1433,1433
2373,2373
2580,2580
2651,2651
1458,1458
2989,2989
846,846
193,193
1464,1464
946,946
2021,2021
1629,1629
117,117
645,645
1870,1870
3,3
74,74
1755,1755
467,467
5,5
1246,1246
919,919
228,228
1063,1063
242,242
2527,2527
1160,1160
2782,2782
2821,2821
1526,1526
1605,1605
3085,3085
3296,3296
2578,2578
2817,2817
1989,1989
2603,2603
2362,2362
1975,1975
1761,1761
1305,1305
1541,1541
622,622
2563,2563
1493,1493
110,110
2275,2275
2512,2512
1169,1169
2722,2722
232,232
66,66
2996,2996
2072,2072
2192,2192
536,536
125,125
2133,2133
1254,1254
2748,2748
1976,1976
2723,2723
2577,2577
2075,2075
484,484
1654,1654
3004,3004
2513,2513
2659,2659
1774,1774
2410,2410
918,918
1646,1646
1026,1026
1030,1030
882,882
1335,1335
2464,2464
364,364
2125,2125
27,27
473,473
525,525
725,725
55,55
638,638
302,302
2886,2886
1276,1276
2917,2917
624,624
2055,2055
1280,1280
1049,1049
336,336
47,47
106,106
2397,2397
1079,1079
2286,2286
2261,2261
1144,1144
3204,3204
2296,2296
1836,1836
1753,1753
1101,1101
1968,1968
3035,3035
523,523
2280,2280
1428,1428
2885,2885
603,603
1489,1489
2602,2602
60,60
3042,3042
671,671
92,92
666,666
1887,1887
280,280
1719,1719
359,359
899,899
1935,1935
1994,1994
2562,2562
760,760
2158,2158
2902,2902
42,42
2173,2173
204,204
1473,1473
2100,2100
68,68
1875,1875
2633,2633
2231,2231
137,137
796,796
2180,2180
2128,2128
758,758
541,541
1019,1019
2925,2925
165,165
248,248
1331,1331
2017,2017
446,446
2482,2482
1358,1358
2145,2145
1329,1329
3221,3221
2150,2150
434,434
2122,2122
577,577
2645,2645
3034,3034
2448,2448
1848,1848
762,762
388,388
235,235
2883,2883
1984,1984
267,267
770,770
2165,2165
437,437
673,673
249,249
2201,2201
1574,1574
2142,2142
2081,2081
2897,2897
3168,3168
3032,3032
448,448
1469,1469
716,716
2775,2775
2893,2893
2048,2048
1901,1901
2763,2763
1168,1168
82,82
3124,3124
1460,1460
1893,1893
1668,1668
2000,2000
475,475
517,517
404,404
384,384
3320,3320
2152,2152
1633,1633
3162,3162
688,688
1240,1240
62,62
852,852
3044,3044
2740,2740
1262,1262
223,223
2193,2193
373,373
1824,1824
2807,2807
3173,3173
2874,2874
2970,2970
9,9
2497,2497
1944,1944
1838,1838
708,708
255,255
1617,1617
389,389
1581,1581
924,924
2508,2508
2036,2036
2657,2657
1224,1224
2549,2549
1946,1946
739,739
40,40
868,868
539,539
3087,3087
1371,1371
1145,1145
1031,1031
372,372
667,667
357,357
967,967
1353,1353
1035,1035
470,470
1396,1396
2900,2900
1549,1549
1256,1256
2094,2094
1555,1555
2864,2864
1250,1250
1699,1699
1252,1252
3081,3081
79,79
1172,1172
814,814
1852,1852
2220,2220
2909,2909
2105,2105
133,133
1140,1140
933,933
928,928
823,823
1531,1531
1214,1214
504,504
3282,3282
2395,2395
1996,1996
2434,2434
1958,1958
1384,1384
894,894
828,828
3231,3231
2523,2523
1683,1683
2995,2995
2831,2831
2780,2780
652,652
172,172
38,38
3164,3164
713,713
90,90
3269,3269
1205,1205
2795,2795
2860,2860
1827,1827
1155,1155
1324,1324
216,216
510,510
1680,1680
499,499
2743,2743
1856,1856
1388,1388
1519,1519
2386,2386
3012,3012
2076,2076
1540,1540
1217,1217
2681,2681
1416,1416
2217,2217
2787,2787
1676,1676
1197,1197
1542,1542
2539,2539
953,953
2635,2635
750,750
2705,2705
234,234
732,732
3311,3311
1156,1156
2847,2847
2445,2445
1209,1209
1065,1065
2156,2156
1062,1062
2616,2616
1167,1167
1492,1492
2791,2791
884,884
143,143
3256,3256
850,850
717,717
3145,3145
2502,2502
264,264
75,75
2492,2492
395,395
2818,2818
2224,2224
3100,3100
396,396
1365,1365
2766,2766
1903,1903
595,595
2109,2109
1296,1296
1821,1821
872,872
3222,3222
2326,2326
1548,1548
36,36
2710,2710
2979,2979
2143,2143
2829,2829
977,977
1571,1571
1122,1122
2239,2239
2504,2504
1892,1892
675,675
728,728
412,412
1516,1516
1649,1649
825,825
616,616
114,114
417,417
1625,1625
2652,2652
3252,3252
89,89
2896,2896
2082,2082
753,753
2546,2546
1630,1630
11,11
2444,2444
284,284
1066,1066
1191,1191
1440,1440
3103,3103
3102,3102
2738,2738
3101,3101
1568,1568
2427,2427
2737,2737
2851,2851
1687,1687
851,851
2207,2207
895,895
496,496
2305,2305
1782,1782
335,335
515,515
1348,1348
1015,1015
3110,3110
3105,3105
2809,2809
1781,1781
2569,2569
1785,1785
2070,2070
356,356
3155,3155
1312,1312
1635,1635
550,550
2388,2388
2479,2479
2521,2521
2265,2265
1227,1227
2965,2965
957,957
1773,1773
2141,2141
1008,1008
1092,1092
2959,2959
2744,2744
996,996
1679,1679
153,153
3083,3083
580,580
1470,1470
703,703
1212,1212
896,896
487,487
559,559
1141,1141
1119,1119
512,512
633,633
2859,2859
1664,1664
1012,1012
1931,1931
1150,1150
2838,2838
3107,3107
116,116
740,740
3059,3059
1974,1974
1081,1081
1810,1810
830,830
119,119
656,656
3024,3024
2978,2978
3243,3243
635,635
369,369
268,268
2703,2703
2870,2870
46,46
991,991
876,876
773,773
1219,1219
1126,1126
4,4
1595,1595
2311,2311
3176,3176
2491,2491
1077,1077
837,837
681,681
1715,1715
2352,2352
2617,2617
2361,2361
2197,2197
1148,1148
574,574
50,50
853,853
1982,1982
2774,2774
1823,1823
833,833
1115,1115
1166,1166
2518,2518
1906,1906
971,971
2701,2701
399,399
2559,2559
2368,2368
19,19
684,684
35,35
3131,3131
2875,2875
524,524
2455,2455
920,920
1841,1841
1890,1890
537,537
2806,2806
1705,1705
3242,3242
245,245
784,784
1409,1409
2537,2537
154,154
1686,1686
2901,2901
625,625
2733,2733
3180,3180
1346,1346
569,569
3244,3244
1758,1758
1816,1816
2065,2065
127,127
3295,3295
2006,2006
980,980
3292,3292
190,190
1139,1139
992,992
699,699
606,606
180,180
301,301
2544,2544
3076,3076
1060,1060
3121,3121
3182,3182
2565,2565
1069,1069
2524,2524
2205,2205
1243,1243
16,16
3298,3298
546,546
658,658
2992,2992
3027,3027
1504,1504
959,959
2926,2926
2331,2331
797,797
225,225
2074,2074
1799,1799
2485,2485
3278,3278
2277,2277
2085,2085
1693,1693
2797,2797
1045,1045
469,469
954,954
3294,3294
2735,2735
639,639
3079,3079
1218,1218
1158,1158
1415,1415
3255,3255
1527,1527
3232,3232
1300,1300
3170,3170
2848,2848
1603,1603
160,160
1704,1704
956,956
2869,2869
3226,3226
877,877
1919,1919
2961,2961
1884,1884
2200,2200
98,98
3129,3129
2557,2557
253,253
103,103
1445,1445
1443,1443
1648,1648
586,586
627,627
1696,1696
2101,2101
2199,2199
403,403
1154,1154
2255,2255
2863,2863
1682,1682
2056,2056
3147,3147
452,452
2301,2301
1327,1327
2944,2944
2049,2049
880,880
3229,3229
623,623
2393,2393
3070,3070
1787,1787
262,262
1634,1634
1438,1438
2198,2198
1969,1969
2520,2520
1802,1802
640,640
3306,3306
2385,2385
2598,2598
3132,3132
1959,1959
2976,2976
488,488
1843,1843
1734,1734
2911,2911
146,146
1534,1534
1986,1986
1369,1369
2450,2450
3248,3248
3002,3002
2811,2811
659,659
1794,1794
2511,2511
186,186
1147,1147
608,608
2191,2191
2799,2799
1930,1930
3029,3029
197,197
2931,2931
2327,2327
293,293
766,766
400,400
122,122
202,202
835,835
2294,2294
1439,1439
1733,1733
1695,1695
3239,3239
1707,1707
3224,3224
1153,1153
1661,1661
2432,2432
1759,1759
854,854
1589,1589
2267,2267
641,641
1,1
2160,2160
698,698
2999,2999
1636,1636
1291,1291
3159,3159
2489,2489
1520,1520
1853,1853
1136,1136
3208,3208
1631,1631
1998,1998
663,663
683,683
1257,1257
317,317
648,648
1434,1434
1479,1479
709,709
1282,1282
1768,1768
972,972
2675,2675
2680,2680
1306,1306
1400,1400
1408,1408
2237,2237
1496,1496
2038,2038
1529,1529
1663,1663
1354,1354
3235,3235
3258,3258
1643,1643
1051,1051
795,795
2693,2693
3060,3060
1597,1597
2604,2604
2729,2729
2625,2625
1819,1819
1722,1722
1183,1183
2572,2572
1059,1059
540,540
1678,1678
2796,2796
3197,3197
2532,2532
1757,1757
1923,1923
95,95
1020,1020
563,563
2790,2790
863,863
1484,1484
2939,2939
1881,1881
1038,1038
206,206
392,392
2842,2842
870,870
397,397
2814,2814
3186,3186
1028,1028
2690,2690
1485,1485
2660,2660
960,960
1570,1570
2773,2773
1895,1895
2731,2731
2146,2146
804,804
1751,1751
2454,2454
502,502
3119,3119
3104,3104
2977,2977
779,779
1863,1863
200,200
2182,2182
3099,3099
2088,2088
3065,3065
2278,2278
1796,1796
378,378
2336,2336
418,418
1698,1698
391,391
2640,2640
1522,1522
1162,1162
3134,3134
1495,1495
2695,2695
2027,2027
1152,1152
1367,1367
2568,2568
64,64
2062,2062
1180,1180
3112,3112
492,492
379,379
2235,2235
763,763
2264,2264
791,791
1076,1076
878,878
337,337
2767,2767
2343,2343
1016,1016
1275,1275
455,455
815,815
2317,2317
995,995
1981,1981
201,201
161,161
1579,1579
2777,2777
2449,2449
702,702
1500,1500
1129,1129
2613,2613
1021,1021
3073,3073
1585,1585
1955,1955
3152,3152
2253,2253
34,34
775,775
2556,2556
1478,1478
3003,3003
1390,1390
2139,2139
1363,1363
2945,2945
2612,2612
2824,2824
2041,2041
241,241
2061,2061
2363,2363
600,600
2435,2435
1297,1297
2214,2214
2888,2888
2068,2068
646,646
3202,3202
1528,1528
2879,2879
1267,1267
1899,1899
562,562
3281,3281
2734,2734
3005,3005
189,189
1806,1806
975,975
2747,2747
2047,2047
2558,2558
1082,1082
474,474
2904,2904
747,747
2300,2300
21,21
459,459
1184,1184
2324,2324
955,955
1215,1215
2433,2433
2853,2853
1515,1515
2391,2391
769,769
1685,1685
130,130
2919,2919
3171,3171
2135,2135
1482,1482
330,330
1238,1238
466,466
2169,2169
1638,1638
3092,3092
1095,1095
1130,1130
1294,1294
860,860
3174,3174
